0	0.4	0	0	2	-0.5
0.05	0.384375	0.1	-0.3125	2	-0.468984
0.1	0.353412	0.19601	-0.619258	1.92019	-0.439149
0.15	0.309063	0.284595	-0.886985	1.77171	-0.41734
0.2	0.254295	0.363586	-1.09536	1.57983	-0.405992
0.25	0.192248	0.432171	-1.24093	1.3717	-0.403427
0.3	0.12566	0.490546	-1.33176	1.1675	-0.406452
0.35	0.0566528	0.539477	-1.38015	0.978616	-0.41226
0.4	-0.013242	0.579958	-1.3979	0.809618	-0.419016
0.45	-0.0829673	0.613012	-1.3945	0.66108	-0.425716
0.5	-0.151816	0.639592	-1.37698	0.531599	-0.431894
0.55	-0.219329	0.660543	-1.35026	0.41902	-0.437385
0.6	-0.285216	0.676596	-1.31773	0.321063	-0.442175
0.65	-0.349301	0.688376	-1.28171	0.235604	-0.446316
0.7	-0.411488	0.696415	-1.24374	0.160776	-0.449884
0.75	-0.471731	0.701164	-1.20486	0.0949864	-0.452958
0.8	-0.53002	0.703009	-1.16578	0.0368973	-0.455613
0.85	-0.586368	0.702279	-1.12695	-0.0146087	-0.457912
0.9	-0.640801	0.699256	-1.08867	-0.0604623	-0.459912
0.95	-0.693357	0.694184	-1.05111	-0.10144	-0.461658
1	-0.744077	0.687274	-1.01441	-0.138189	-0.46319
1.05	-0.793008	0.678712	-0.978609	-0.171255	-0.464539
1.1	-0.840195	0.668657	-0.943743	-0.201096	-0.465733
1.15	-0.885686	0.657252	-0.909813	-0.228099	-0.466795
1.2	-0.929526	0.644622	-0.876805	-0.252594	-0.467742
1.25	-0.97176	0.630879	-0.844694	-0.274862	-0.468591
1.3	-1.01243	0.616122	-0.813452	-0.295145	-0.469354
1.35	-1.05159	0.600439	-0.783044	-0.31365	-0.470043
1.4	-1.08926	0.583911	-0.753433	-0.330558	-0.470667
1.45	-1.12549	0.56661	-0.724582	-0.346023	-0.471234
1.5	-1.16031	0.548601	-0.696454	-0.360184	-0.471751
1.55	-1.19376	0.529943	-0.669014	-0.373158	-0.472224
1.6	-1.22587	0.510691	-0.642225	-0.38505	-0.472658
1.65	-1.25667	0.490893	-0.616053	-0.395953	-0.473058
1.7	-1.2862	0.470596	-0.590467	-0.405948	-0.473426
1.75	-1.31447	0.44984	-0.565434	-0.415107	-0.473767
1.8	-1.34151	0.428666	-0.540925	-0.423494	-0.474083
1.85	-1.36736	0.407107	-0.516912	-0.431168	-0.474377
1.9	-1.39203	0.385198	-0.493368	-0.438177	-0.474651
1.95	-1.41554	0.36297	-0.470269	-0.444569	-0.474907
2	-1.43792	0.340451	-0.447589	-0.450385	-0.475147
2.05	-1.45919	0.317668	-0.425306	-0.455661	-0.475373
2.1	-1.47936	0.294646	-0.403399	-0.46043	-0.475585
2.15	-1.49845	0.27141	-0.381847	-0.464722	-0.475785
2.2	-1.51648	0.247982	-0.360632	-0.468565	-0.475974
2.25	-1.53347	0.224383	-0.339734	-0.471982	-0.476153
2.3	-1.54942	0.200633	-0.319136	-0.474996	-0.476323
2.35	-1.56437	0.176751	-0.298822	-0.477627	-0.476484
2.4	-1.5783	0.152757	-0.278776	-0.479892	-0.476639
2.45	-1.59125	0.128666	-0.258983	-0.481807	-0.476786
2.5	-1.60322	0.104497	-0.239428	-0.483389	-0.476927
2.55	-1.61423	0.0802646	-0.220099	-0.484648	-0.477062
2.6	-1.62428	0.0559846	-0.200981	-0.485599	-0.477193
2.65	-1.63338	0.0316721	-0.182063	-0.486251	-0.477318
2.7	-1.64155	0.00734136	-0.163333	-0.486614	-0.477439
2.75	-1.64879	-0.0169935	-0.144778	-0.486697	-0.477557
2.8	-1.65511	-0.0413189	-0.126388	-0.486508	-0.477671
2.85	-1.66051	-0.0656215	-0.108153	-0.486053	-0.477781
2.9	-1.66502	-0.0898884	-0.090062	-0.485338	-0.477889
2.95	-1.66862	-0.114107	-0.0721049	-0.484368	-0.477994
3	-1.67134	-0.138264	-0.0542723	-0.483149	-0.478098
3.05	-1.67316	-0.162348	-0.0365549	-0.481683	-0.478199
3.1	-1.67411	-0.186347	-0.0189437	-0.479974	-0.478298
3.15	-1.67418	-0.210248	-0.00142999	-0.478025	-0.478396
3.2	-1.67338	-0.23404	0.0159949	-0.475836	-0.478493
3.25	-1.67172	-0.257711	0.0333393	-0.473411	-0.478589
3.3	-1.66919	-0.281248	0.0506114	-0.470748	-0.478685
3.35	-1.66579	-0.30464	0.0678192	-0.467849	-0.47878
3.4	-1.66155	-0.327876	0.0849704	-0.464712	-0.478874
3.45	-1.65644	-0.350943	0.102073	-0.461337	-0.478969
3.5	-1.65049	-0.373829	0.119134	-0.457722	-0.479063
3.55	-1.64368	-0.396522	0.136162	-0.453866	-0.479158
3.6	-1.63602	-0.419011	0.153163	-0.449764	-0.479254
3.65	-1.62751	-0.441281	0.170146	-0.445415	-0.479351
3.7	-1.61816	-0.463322	0.187117	-0.440813	-0.479449
3.75	-1.60795	-0.48512	0.204084	-0.435955	-0.479548
3.8	-1.5969	-0.506661	0.221054	-0.430835	-0.479649
3.85	-1.585	-0.527934	0.238033	-0.425448	-0.479751
3.9	-1.57225	-0.548923	0.25503	-0.419787	-0.479856
3.95	-1.55864	-0.569615	0.272052	-0.413844	-0.479964
4	-1.54419	-0.589996	0.289105	-0.407612	-0.480074
4.05	-1.52888	-0.61005	0.306198	-0.401081	-0.480187
4.1	-1.51271	-0.629762	0.323337	-0.394242	-0.480303
4.15	-1.49569	-0.649116	0.340529	-0.387085	-0.480424
4.2	-1.4778	-0.668096	0.357782	-0.379597	-0.480548
4.25	-1.45904	-0.686685	0.375104	-0.371766	-0.480677
4.3	-1.43942	-0.704863	0.392502	-0.363578	-0.480811
4.35	-1.41892	-0.722614	0.409983	-0.355018	-0.480951
4.4	-1.39754	-0.739918	0.427556	-0.346068	-0.481097
4.45	-1.37528	-0.756753	0.445227	-0.336712	-0.48125
4.5	-1.35213	-0.7731	0.463005	-0.32693	-0.48141
4.55	-1.32808	-0.788935	0.480897	-0.3167	-0.481578
4.6	-1.30314	-0.804235	0.498912	-0.305998	-0.481755
4.65	-1.27728	-0.818975	0.517057	-0.2948	-0.481942
4.7	-1.25052	-0.833129	0.53534	-0.283077	-0.482139
4.75	-1.22283	-0.846669	0.553769	-0.270799	-0.482348
4.8	-1.19421	-0.859565	0.572352	-0.257933	-0.482571
4.85	-1.16466	-0.871787	0.591096	-0.244441	-0.482808
4.9	-1.13416	-0.883301	0.610009	-0.230284	-0.48306
4.95	-1.1027	-0.894072	0.629098	-0.215417	-0.483331
5	-1.07028	-0.904062	0.64837	-0.199792	-0.48362
5.05	-1.03689	-0.91323	0.66783	-0.183354	-0.483932
5.1	-1.00252	-0.921532	0.687483	-0.166044	-0.484267
5.15	-0.96715	-0.928922	0.707336	-0.147796	-0.48463
5.2	-0.93078	-0.935348	0.727389	-0.128535	-0.485023
5.25	-0.893398	-0.940757	0.747644	-0.108181	-0.485449
5.3	-0.854993	-0.94509	0.768099	-0.0866408	-0.485914
5.35	-0.815556	-0.94828	0.788752	-0.0638121	-0.486422
5.4	-0.775076	-0.950259	0.809593	-0.0395795	-0.486978
5.45	-0.733545	-0.95095	0.830609	-0.0138131	-0.48759
5.5	-0.690956	-0.950268	0.851782	0.0136344	-0.488265
5.55	-0.647302	-0.948122	0.873082	0.0429294	-0.489012
5.6	-0.602579	-0.944408	0.894474	0.0742618	-0.489842
5.65	-0.556783	-0.939016	0.915903	0.107848	-0.490767
5.7	-0.509918	-0.931819	0.937301	0.143936	-0.491802
5.75	-0.46199	-0.922679	0.958574	0.18281	-0.492965
5.8	-0.41301	-0.911439	0.979599	0.224799	-0.494278
5.85	-0.362999	-0.897925	1.00021	0.270282	-0.495764
5.9	-0.31199	-0.88194	1.02019	0.3197	-0.497456
5.95	-0.260028	-0.863262	1.03924	0.373562	-0.499387
6	-0.207179	-0.841639	1.05698	0.432461	-0.501601
6.05	-0.153534	-0.816784	1.07289	0.497085	-0.504147
6.1	-0.0992212	-0.788373	1.08626	0.568228	-0.507082
6.15	-0.0444136	-0.756033	1.09615	0.6468	-0.510468
6.2	0.0106496	-0.719342	1.10126	0.733825	-0.514367
6.25	0.0656413	-0.677821	1.09983	0.830421	-0.51883
6.3	0.120113	-0.630934	1.08944	0.937736	-0.523874
6.35	0.173452	-0.578093	1.06677	1.05681	-0.529428
6.4	0.224818	-0.51868	1.02733	1.18828	-0.53525
6.45	0.273074	-0.452088	0.965105	1.33183	-0.540767
6.5	0.316695	-0.377825	0.872432	1.48526	-0.544842
6.55	0.353709	-0.29568	0.74028	1.64292	-0.545524
6.6	0.381698	-0.20599	0.559784	1.7938	-0.540022
6.65	0.397993	-0.109988	0.32589	1.92002	-0.525479
6.7	0.400154	-0.0100814	0.0432234	1.99814	-0.501027
6.75	0.386717	0.0902187	-0.268739	2.006	-0.470119
6.8	0.357841	0.186917	-0.577526	1.93396	-0.440105
6.85	0.315369	0.276513	-0.849437	1.79193	-0.417938
6.9	0.262212	0.356741	-1.06315	1.60455	-0.406228
6.95	0.201501	0.426692	-1.21422	1.39902	-0.403404
7	0.135996	0.486491	-1.3101	1.19597	-0.406282
7.05	0.0678527	0.536853	-1.36286	1.00726	-0.412028
7.1	-0.00136071	0.578746	-1.38427	0.837851	-0.418772
7.15	-0.0705566	0.613175	-1.38392	0.688575	-0.425484
7.2	-0.139002	0.641084	-1.36891	0.558188	-0.431685
7.25	-0.206217	0.663316	-1.34429	0.444632	-0.437202
7.3	-0.271893	0.6806	-1.31353	0.345679	-0.442016
7.35	-0.335843	0.693562	-1.279	0.259237	-0.446179
7.4	-0.397958	0.702734	-1.2423	0.183453	-0.449766
7.45	-0.458184	0.708571	-1.20452	0.116744	-0.452856
7.5	-0.516504	0.71146	-1.16639	0.0577746	-0.455524
7.55	-0.572923	0.711732	-1.12839	0.00542763	-0.457835
7.6	-0.627465	0.70967	-1.09083	-0.0412287	-0.459845
7.65	-0.680161	0.705521	-1.05392	-0.0829721	-0.461599
7.7	-0.731051	0.699499	-1.01779	-0.120453	-0.463138
7.75	-0.780176	0.691788	-0.9825	-0.154219	-0.464494
7.8	-0.82758	0.682551	-0.948092	-0.18473	-0.465693
7.85	-0.873309	0.671933	-0.914572	-0.212375	-0.466759
7.9	-0.917405	0.660058	-0.881934	-0.237487	-0.46771
7.95	-0.959913	0.647041	-0.850159	-0.260349	-0.468562
8	-1.00087	0.632981	-0.81922	-0.281204	-0.469328
8.05	-1.04033	0.617968	-0.789088	-0.30026	-0.470019
8.1	-1.07832	0.602083	-0.759728	-0.3177	-0.470645
8.15	-1.11487	0.585398	-0.731106	-0.333681	-0.471214
8.2	-1.15003	0.567981	-0.703188	-0.348341	-0.471733
8.25	-1.18383	0.549891	-0.675938	-0.361799	-0.472208
8.3	-1.21629	0.531183	-0.649323	-0.374162	-0.472643
8.35	-1.24746	0.511907	-0.623311	-0.385522	-0.473044
8.4	-1.27735	0.492109	-0.59787	-0.395962	-0.473413
8.45	-1.306	0.471831	-0.57297	-0.405555	-0.473755
8.5	-1.33343	0.451113	-0.548583	-0.414365	-0.474072
8.55	-1.35966	0.429991	-0.524681	-0.422452	-0.474367
8.6	-1.38473	0.408497	-0.501238	-0.429865	-0.474642
8.65	-1.40864	0.386665	-0.47823	-0.436653	-0.474899
8.7	-1.43142	0.364522	-0.455633	-0.442856	-0.475139
8.75	-1.45309	0.342096	-0.433425	-0.448511	-0.475365
8.8	-1.47367	0.319414	-0.411586	-0.453652	-0.475577
8.85	-1.49317	0.296498	-0.390095	-0.458311	-0.475778
8.9	-1.51162	0.273373	-0.368933	-0.462513	-0.475967
8.95	-1.52902	0.250058	-0.348082	-0.466284	-0.476147
9	-1.5454	0.226576	-0.327526	-0.469645	-0.476317
9.05	-1.56076	0.202945	-0.307247	-0.472618	-0.476479
9.1	-1.57513	0.179184	-0.287231	-0.475221	-0.476633
9.15	-1.5885	0.155311	-0.267463	-0.47747	-0.476781
9.2	-1.60089	0.131342	-0.247929	-0.47938	-0.476922
9.25	-1.61233	0.107293	-0.228615	-0.480964	-0.477058
9.3	-1.6228	0.0831817	-0.209508	-0.482236	-0.477188
9.35	-1.63233	0.0590214	-0.190597	-0.483205	-0.477314
9.4	-1.64092	0.0348273	-0.171868	-0.483882	-0.477435
9.45	-1.64859	0.0106135	-0.153311	-0.484276	-0.477553
9.5	-1.65534	-0.0136062	-0.134916	-0.484395	-0.477667
9.55	-1.66117	-0.0378185	-0.11667	-0.484245	-0.477777
9.6	-1.6661	-0.0620101	-0.0985649	-0.483833	-0.477885
9.65	-1.67013	-0.0861683	-0.08059	-0.483164	-0.477991
9.7	-1.67326	-0.11028	-0.0627358	-0.482242	-0.478094
9.75	-1.67551	-0.134334	-0.0449932	-0.481073	-0.478195
9.8	-1.67688	-0.158317	-0.0273531	-0.479659	-0.478295
9.85	-1.67737	-0.182217	-0.00980685	-0.478002	-0.478393
9.9	-1.67699	-0.206022	0.00765414	-0.476105	-0.47849
9.95	-1.67574	-0.229721	0.0250382	-0.47397	-0.478586
10	-1.67362	-0.253301	0.0423535	-0.471596	-0.478681
10.05	-1.67064	-0.27675	0.059608	-0.468984	-0.478776
10.1	-1.6668	-0.300057	0.0768096	-0.466135	-0.478871
10.15	-1.6621	-0.323209	0.0939661	-0.463046	-0.478965
10.2	-1.65655	-0.346195	0.111085	-0.459718	-0.47906
10.25	-1.65014	-0.369002	0.128174	-0.456146	-0.479155
10.3	-1.64287	-0.391619	0.14524	-0.45233	-0.479251
10.35	-1.63476	-0.414032	0.162292	-0.448265	-0.479348
10.4	-1.62579	-0.436229	0.179335	-0.443949	-0.479445
10.45	-1.61597	-0.458198	0.196379	-0.439376	-0.479544
10.5	-1.6053	-0.479925	0.213429	-0.434541	-0.479645
10.55	-1.59378	-0.501397	0.230493	-0.42944	-0.479748
10.6	-1.5814	-0.5226	0.247579	-0.424064	-0.479853
10.65	-1.56816	-0.543521	0.264693	-0.418409	-0.47996
10.7	-1.55407	-0.564144	0.281844	-0.412464	-0.48007
10.75	-1.53912	-0.584455	0.299038	-0.406223	-0.480183
10.8	-1.52331	-0.604439	0.316284	-0.399674	-0.480299
10.85	-1.50663	-0.624079	0.333588	-0.392808	-0.480419
10.9	-1.48908	-0.64336	0.350958	-0.385613	-0.480543
10.95	-1.47066	-0.662264	0.368402	-0.378076	-0.480672
11	-1.45136	-0.680773	0.385927	-0.370184	-0.480806
11.05	-1.43119	-0.698869	0.403541	-0.361922	-0.480946
11.1	-1.41012	-0.716533	0.421253	-0.353273	-0.481092
11.15	-1.38817	-0.733744	0.43907	-0.34422	-0.481244
11.2	-1.36532	-0.750481	0.457	-0.334742	-0.481404
11.25	-1.34157	-0.766722	0.475051	-0.32482	-0.481572
11.3	-1.31691	-0.782443	0.493233	-0.314429	-0.481748
11.35	-1.29133	-0.79762	0.511552	-0.303545	-0.481935
11.4	-1.26483	-0.812227	0.530017	-0.292139	-0.482132
11.45	-1.2374	-0.826236	0.548637	-0.280182	-0.482341
11.5	-1.20902	-0.839618	0.56742	-0.26764	-0.482563
11.55	-1.17971	-0.852342	0.586375	-0.254477	-0.482799
11.6	-1.14943	-0.864375	0.605508	-0.240653	-0.483051
11.65	-1.11819	-0.875681	0.624829	-0.226124	-0.483321
11.7	-1.08597	-0.886223	0.644344	-0.210841	-0.48361
11.75	-1.05277	-0.895961	0.664061	-0.194751	-0.48392
11.8	-1.01857	-0.90485	0.683986	-0.177794	-0.484255
11.85	-0.983363	-0.912846	0.704123	-0.159905	-0.484617
11.9	-0.947139	-0.919896	0.724478	-0.141009	-0.485008
11.95	-0.909886	-0.925947	0.745053	-0.121026	-0.485434
12	-0.871594	-0.930941	0.765848	-0.0998646	-0.485897
12.05	-0.832251	-0.934812	0.78686	-0.0774216	-0.486403
12.1	-0.791847	-0.937491	0.808084	-0.0535824	-0.486958
12.15	-0.750371	-0.938902	0.829508	-0.0282172	-0.487567
12.2	-0.707815	-0.938961	0.851117	-0.00117935	-0.48824
12.25	-0.664171	-0.937576	0.872885	0.0276975	-0.488984
12.3	-0.619432	-0.934646	0.894778	0.0586026	-0.489811
12.35	-0.573595	-0.930058	0.916748	0.0917523	-0.490732
12.4	-0.526658	-0.923688	0.938729	0.127394	-0.491763
12.45	-0.478627	-0.915398	0.960635	0.165814	-0.492921
12.5	-0.429509	-0.905031	0.982347	0.207339	-0.494228
12.55	-0.379324	-0.892413	1.00371	0.25235	-0.495708
12.6	-0.328098	-0.877349	1.02451	0.301288	-0.497391
12.65	-0.275875	-0.859616	1.04447	0.354665	-0.499314
12.7	-0.222714	-0.838962	1.06322	0.413077	-0.501517
12.75	-0.168702	-0.815101	1.08024	0.477216	-0.50405
12.8	-0.113958	-0.787707	1.09487	0.547884	-0.50697
12.85	-0.0586499	-0.756407	1.10617	0.626001	-0.510338
12.9	-0.00300564	-0.720776	1.11289	0.712608	-0.514218
12.95	0.0526587	-0.680334	1.11329	0.808849	-0.518661
13	0.107909	-0.634538	1.105	0.91591	-0.523684
13.05	0.162147	-0.582794	1.08477	1.03489	-0.529223
13.1	0.214554	-0.524467	1.04814	1.16653	-0.535043
13.15	0.264013	-0.458935	0.989184	1.31065	-0.540586
13.2	0.309026	-0.385672	0.900243	1.46526	-0.544741
13.25	0.347637	-0.304422	0.772234	1.62501	-0.545588
13.3	0.377441	-0.215457	0.596066	1.77928	-0.54036
13.35	0.395749	-0.119932	0.366172	1.91051	-0.526174
13.4	0.400066	-0.0201659	0.0863433	1.99532	-0.502045
13.45	0.388823	0.0803843	-0.224866	2.011	-0.471255
13.5	0.36205	0.177724	-0.535467	1.94679	-0.441072
13.55	0.32148	0.268291	-0.811394	1.81134	-0.418549
13.6	0.269963	0.349722	-1.03034	1.62862	-0.406475
13.65	0.210619	0.421014	-1.18687	1.42584	-0.403387
13.7	0.146228	0.482217	-1.28782	1.22406	-0.406116
13.75	0.0789803	0.533998	-1.34496	1.03562	-0.411798
13.8	0.0104771	0.577292	-1.37007	0.865878	-0.418528
13.85	-0.0581623	0.613088	-1.37279	0.715922	-0.425252
13.9	-0.126179	0.642322	-1.36034	0.584675	-0.431475
13.95	-0.193071	0.665831	-1.33784	0.470177	-0.437017
14	-0.258515	0.684344	-1.30887	0.370258	-0.441856
14.05	-0.322307	0.698487	-1.27585	0.282856	-0.446041
14.1	-0.38433	0.708793	-1.24045	0.206137	-0.449647
14.15	-0.44452	0.71572	-1.20379	0.138525	-0.452754
14.2	-0.502851	0.719654	-1.16663	0.0786893	-0.455436
14.25	-0.559325	0.72093	-1.12947	0.0255135	-0.457759
14.3	-0.613958	0.719833	-1.09266	-0.0219348	-0.459778
14.35	-0.666778	0.716611	-1.05641	-0.0644351	-0.461541
14.4	-0.717821	0.711479	-1.02086	-0.10264	-0.463087
14.45	-0.767126	0.704624	-0.986097	-0.137098	-0.464448
14.5	-0.814734	0.696211	-0.952158	-0.168273	-0.465653
14.55	-0.860687	0.686383	-0.919061	-0.196555	-0.466723
14.6	-0.905027	0.675269	-0.886805	-0.222279	-0.467678
14.65	-0.947796	0.662983	-0.855375	-0.245729	-0.468533
14.7	-0.989034	0.649625	-0.824751	-0.267151	-0.469302
14.75	-1.02878	0.635287	-0.794904	-0.286755	-0.469996
14.8	-1.06707	0.620051	-0.765805	-0.304724	-0.470624
14.85	-1.10394	0.60399	-0.737421	-0.321217	-0.471195
14.9	-1.13943	0.587172	-0.70972	-0.336373	-0.471716
14.95	-1.17356	0.569656	-0.68267	-0.350313	-0.472192
15	-1.20637	0.551499	-0.656238	-0.363143	-0.472628
15.05	-1.23789	0.532751	-0.630393	-0.374958	-0.47303
15.1	-1.26815	0.513459	-0.605106	-0.385841	-0.473401
15.15	-1.29716	0.493666	-0.580346	-0.395866	-0.473743
15.2	-1.32497	0.473411	-0.556088	-0.405098	-0.474061
15.25	-1.35158	0.452731	-0.532303	-0.413596	-0.474357
15.3	-1.37703	0.43166	-0.508968	-0.421413	-0.474632
15.35	-1.40133	0.410231	-0.486058	-0.428594	-0.47489
15.4	-1.42451	0.388471	-0.463551	-0.435183	-0.475131
15.45	-1.44658	0.366411	-0.441425	-0.441217	-0.475357
15.5	-1.46757	0.344074	-0.419659	-0.44673	-0.47557
15.55	-1.48748	0.321486	-0.398234	-0.451753	-0.475771
15.6	-1.50633	0.298671	-0.377132	-0.456314	-0.475961
15.65	-1.52415	0.275649	-0.356335	-0.460438	-0.47614
15.7	-1.54094	0.252441	-0.335826	-0.464147	-0.476311
15.75	-1.55672	0.229068	-0.315589	-0.467462	-0.476473
15.8	-1.5715	0.205548	-0.295609	-0.470402	-0.476628
15.85	-1.5853	0.181899	-0.275872	-0.472984	-0.476776
15.9	-1.59811	0.158138	-0.256363	-0.475222	-0.476917
15.95	-1.60997	0.134281	-0.23707	-0.477131	-0.477053
16	-1.62087	0.110345	-0.217979	-0.478723	-0.477184
16.05	-1.63082	0.0863447	-0.199079	-0.48001	-0.477309
16.1	-1.63984	0.0622947	-0.180358	-0.481001	-0.477431
16.15	-1.64793	0.0382094	-0.161804	-0.481706	-0.477548
16.2	-1.6551	0.0141027	-0.143407	-0.482133	-0.477663
16.25	-1.66136	-0.0100117	-0.125157	-0.482288	-0.477773
16.3	-1.66671	-0.0341206	-0.107043	-0.482179	-0.477882
16.35	-1.67116	-0.0582112	-0.0890549	-0.481811	-0.477987
16.4	-1.67472	-0.0822706	-0.0711842	-0.481188	-0.47809
16.45	-1.67739	-0.106286	-0.0534212	-0.480316	-0.478192
16.5	-1.67918	-0.130246	-0.0357572	-0.479196	-0.478291
16.55	-1.68009	-0.154138	-0.0181833	-0.477833	-0.47839
16.6	-1.68012	-0.177949	-0.000691084	-0.476228	-0.478487
16.65	-1.67929	-0.201668	0.0167278	-0.474384	-0.478583
16.7	-1.67758	-0.225283	0.0340815	-0.4723	-0.478678
16.75	-1.67501	-0.248782	0.051378	-0.469977	-0.478773
16.8	-1.67158	-0.272153	0.0686252	-0.467415	-0.478867
16.85	-1.66729	-0.295384	0.0858308	-0.464614	-0.478962
16.9	-1.66214	-0.318462	0.103003	-0.461572	-0.479057
16.95	-1.65613	-0.341377	0.120148	-0.458287	-0.479152
17	-1.64927	-0.364114	0.137275	-0.454756	-0.479247
17.05	-1.64155	-0.386663	0.15439	-0.450978	-0.479344
17.1	-1.63298	-0.409011	0.171501	-0.446947	-0.479442
17.15	-1.62355	-0.431144	0.188616	-0.44266	-0.479541
17.2	-1.61326	-0.453049	0.205742	-0.438113	-0.479642
17.25	-1.60211	-0.474714	0.222886	-0.433298	-0.479744
17.3	-1.59011	-0.496125	0.240055	-0.428211	-0.479849
17.35	-1.57725	-0.517267	0.257258	-0.422843	-0.479956
17.4	-1.56352	-0.538126	0.274502	-0.417188	-0.480066
17.45	-1.54893	-0.558688	0.291793	-0.411237	-0.480179
17.5	-1.53348	-0.578937	0.30914	-0.40498	-0.480295
17.55	-1.51715	-0.598858	0.326551	-0.398407	-0.480415
17.6	-1.49995	-0.618433	0.344033	-0.391506	-0.480539
17.65	-1.48187	-0.637646	0.361593	-0.384266	-0.480668
17.7	-1.46291	-0.65648	0.379241	-0.376672	-0.480802
17.75	-1.44306	-0.674915	0.396984	-0.36871	-0.480941
17.8	-1.42231	-0.692933	0.414829	-0.360364	-0.481086
17.85	-1.40068	-0.710514	0.432787	-0.351615	-0.481239
17.9	-1.37813	-0.727637	0.450864	-0.342445	-0.481398
17.95	-1.35468	-0.744278	0.469069	-0.332833	-0.481565
18	-1.33031	-0.760416	0.487411	-0.322756	-0.481742
18.05	-1.30501	-0.776025	0.505899	-0.312188	-0.481928
18.1	-1.27879	-0.79108	0.524542	-0.301102	-0.482125
18.15	-1.25162	-0.805554	0.543347	-0.289469	-0.482333
18.2	-1.2235	-0.819417	0.562325	-0.277254	-0.482555
18.25	-1.19443	-0.832638	0.581484	-0.264423	-0.48279
18.3	-1.16439	-0.845185	0.600832	-0.250936	-0.483042
18.35	-1.13337	-0.857022	0.620378	-0.236747	-0.483311
18.4	-1.10136	-0.868112	0.640131	-0.221811	-0.483599
18.45	-1.06836	-0.878416	0.660099	-0.206072	-0.483909
18.5	-1.03434	-0.88789	0.680288	-0.189473	-0.484243
18.55	-0.999307	-0.896487	0.700705	-0.171946	-0.484603
18.6	-0.963239	-0.904158	0.721355	-0.153421	-0.484994
18.65	-0.926127	-0.910849	0.742243	-0.133814	-0.485418
18.7	-0.887959	-0.916501	0.763369	-0.113036	-0.48588
18.75	-0.848722	-0.92105	0.784734	-0.0909846	-0.486384
18.8	-0.808405	-0.924427	0.806334	-0.0675445	-0.486937
18.85	-0.766997	-0.926556	0.828159	-0.0425868	-0.487545
18.9	-0.724487	-0.927355	0.850196	-0.0159653	-0.488215
18.95	-0.680866	-0.92673	0.872423	0.012486	-0.488956
19	-0.636126	-0.924583	0.89481	0.0429562	-0.48978
19.05	-0.59026	-0.9208	0.917311	0.0756612	-0.490697
19.1	-0.543267	-0.915257	0.939867	0.110849	-0.491724
19.15	-0.495147	-0.907817	0.962396	0.148803	-0.492878
19.2	-0.445908	-0.898324	0.984786	0.189853	-0.494179
19.25	-0.395563	-0.886605	1.00689	0.23438	-0.495652
19.3	-0.344138	-0.872464	1.0285	0.282826	-0.497328
19.35	-0.29167	-0.855679	1.04936	0.335703	-0.49924
19.4	-0.238215	-0.835998	1.0691	0.393612	-0.501433
19.45	-0.183854	-0.813136	1.08723	0.457248	-0.503953
19.5	-0.128699	-0.786765	1.1031	0.52742	-0.506859
19.55	-0.072909	-0.756512	1.1158	0.605058	-0.51021
19.6	-0.016704	-0.721951	1.1241	0.69122	-0.51407
19.65	0.039612	-0.682597	1.12632	0.787073	-0.518492
19.7	0.0956182	-0.637905	1.12012	0.893844	-0.523495
19.75	0.150734	-0.587271	1.10231	1.01269	-0.529019
19.8	0.204158	-0.530049	1.06849	1.14443	-0.534836
19.85	0.254798	-0.465596	1.01279	1.28905	-0.540404
19.9	0.301177	-0.393359	0.927584	1.44475	-0.544636
19.95	0.341364	-0.313033	0.803739	1.6065	-0.545644
20	0.372962	-0.224832	0.631953	1.76403	-0.540686
20.05	0.39327	-0.129824	0.406162	1.90015	-0.526855
20.1	0.399737	-0.0302479	0.129337	1.99153	-0.503054
20.15	0.390691	0.0705024	-0.180906	2.01501	-0.472392
20.2	0.366036	0.168436	-0.493102	1.95867	-0.442049
20.25	0.327393	0.259932	-0.772873	1.82993	-0.419175
20.3	0.277545	0.342533	-0.996957	1.65202	-0.406734
20.35	0.219599	0.41514	-1.15891	1.45214	-0.403378
20.4	0.156354	0.477728	-1.26491	1.25176	-0.405953
20.45	0.0900308	0.530913	-1.32646	1.06369	-0.411569
20.5	0.0222664	0.575597	-1.35529	0.893688	-0.418283
20.55	-0.0457893	0.612753	-1.36111	0.743111	-0.425019
20.6	-0.113352	0.643305	-1.35125	0.611051	-0.431264
20.65	-0.179897	0.668088	-1.33091	0.495648	-0.436832
20.7	-0.245085	0.687827	-1.30375	0.394792	-0.441695
20.75	-0.308699	0.70315	-1.27228	0.306454	-0.445902
20.8	-0.370608	0.714591	-1.23819	0.22882	-0.449527
20.85	-0.430742	0.722607	-1.20267	0.160322	-0.452651
20.9	-0.489067	0.727589	-1.16649	0.0996348	-0.455347
20.95	-0.545577	0.729871	-1.1302	0.0456428	-0.457681
21	-0.600284	0.729742	-1.09415	-0.00258664	-0.45971
21.05	-0.653213	0.72745	-1.05858	-0.0458342	-0.461482
21.1	-0.704394	0.723212	-1.02363	-0.0847543	-0.463035
21.15	-0.753864	0.717218	-0.989398	-0.119898	-0.464403
21.2	-0.801661	0.709631	-0.95594	-0.151729	-0.465612
21.25	-0.847825	0.700599	-0.923278	-0.180642	-0.466687
21.3	-0.892396	0.69025	-0.891415	-0.206972	-0.467646
21.35	-0.935413	0.6787	-0.860342	-0.231006	-0.468504
21.4	-0.976915	0.666051	-0.830042	-0.25299	-0.469276
21.45	-1.01694	0.652394	-0.800491	-0.273138	-0.469972
21.5	-1.05552	0.637812	-0.771662	-0.291633	-0.470603
21.55	-1.0927	0.62238	-0.743525	-0.308634	-0.471176
21.6	-1.1285	0.606166	-0.716051	-0.324283	-0.471698
21.65	-1.16296	0.589231	-0.689208	-0.338702	-0.472175
21.7	-1.19611	0.571631	-0.662966	-0.351997	-0.472613
21.75	-1.22797	0.553418	-0.637297	-0.364265	-0.473016
21.8	-1.25858	0.534639	-0.61217	-0.375589	-0.473388
21.85	-1.28796	0.515336	-0.587559	-0.386044	-0.473732
21.9	-1.31613	0.495552	-0.563436	-0.395696	-0.47405
21.95	-1.34312	0.475321	-0.539777	-0.404604	-0.474347
22	-1.36895	0.45468	-0.516556	-0.412821	-0.474623
22.05	-1.39364	0.433661	-0.493752	-0.420396	-0.474881
22.1	-1.4172	0.412292	-0.471341	-0.42737	-0.475122
22.15	-1.43967	0.390603	-0.449302	-0.433781	-0.475349
22.2	-1.46105	0.36862	-0.427617	-0.439665	-0.475563
22.25	-1.48136	0.346367	-0.406264	-0.445052	-0.475764
22.3	-1.50063	0.323869	-0.385228	-0.44997	-0.475954
22.35	-1.51885	0.301146	-0.36449	-0.454446	-0.476134
22.4	-1.53605	0.278221	-0.344034	-0.458502	-0.476305
22.45	-1.55224	0.255113	-0.323844	-0.462159	-0.476467
22.5	-1.56744	0.231842	-0.303906	-0.465436	-0.476622
22.55	-1.58165	0.208424	-0.284205	-0.46835	-0.47677
22.6	-1.59489	0.184878	-0.264727	-0.470916	-0.476912
22.65	-1.60716	0.161221	-0.24546	-0.47315	-0.477048
22.7	-1.61848	0.137468	-0.226391	-0.475063	-0.477179
22.75	-1.62885	0.113634	-0.207508	-0.476667	-0.477305
22.8	-1.63829	0.0897357	-0.188799	-0.477972	-0.477427
22.85	-1.64681	0.0657863	-0.170254	-0.478988	-0.477544
22.9	-1.6544	0.0418002	-0.151861	-0.479722	-0.477659
22.95	-1.66108	0.0177911	-0.133611	-0.480183	-0.47777
23	-1.66685	-0.00622782	-0.115493	-0.480377	-0.477878
23.05	-1.67173	-0.0302433	-0.0974972	-0.48031	-0.477983
23.1	-1.67571	-0.0542427	-0.0796148	-0.479987	-0.478087
23.15	-1.6788	-0.0782132	-0.0618365	-0.479411	-0.478188
23.2	-1.68101	-0.102143	-0.0441534	-0.478587	-0.478288
23.25	-1.68234	-0.126019	-0.0265568	-0.477518	-0.478386
23.3	-1.68279	-0.149829	-0.00903822	-0.476206	-0.478483
23.35	-1.68237	-0.173561	0.00841063	-0.474652	-0.478579
23.4	-1.68108	-0.197204	0.0257979	-0.472859	-0.478675
23.45	-1.67892	-0.220746	0.0431315	-0.470825	-0.478769
23.5	-1.6759	-0.244173	0.0604195	-0.468552	-0.478864
23.55	-1.67202	-0.267475	0.0776695	-0.466039	-0.478958
23.6	-1.66727	-0.290639	0.0948893	-0.463284	-0.479053
23.65	-1.66167	-0.313654	0.112086	-0.460286	-0.479148
23.7	-1.65521	-0.336506	0.129268	-0.457043	-0.479244
23.75	-1.64788	-0.359183	0.146443	-0.453552	-0.479341
23.8	-1.6397	-0.381674	0.163617	-0.449808	-0.479438
23.85	-1.63066	-0.403964	0.180799	-0.445809	-0.479537
23.9	-1.62076	-0.426042	0.197995	-0.441549	-0.479638
23.95	-1.61	-0.447893	0.215214	-0.437022	-0.47974
24	-1.59838	-0.469504	0.232463	-0.432224	-0.479845
24.05	-1.58589	-0.490861	0.249749	-0.427146	-0.479952
24.1	-1.57254	-0.51195	0.26708	-0.421782	-0.480062
24.15	-1.55831	-0.532757	0.284464	-0.416123	-0.480174
24.2	-1.54322	-0.553265	0.301908	-0.410159	-0.480291
24.25	-1.52725	-0.573459	0.31942	-0.403881	-0.48041
24.3	-1.5104	-0.593322	0.337009	-0.397276	-0.480534
24.35	-1.49266	-0.612839	0.354682	-0.390334	-0.480663
24.4	-1.47404	-0.631991	0.372447	-0.38304	-0.480797
24.45	-1.45453	-0.65076	0.390312	-0.37538	-0.480936
24.5	-1.43411	-0.669127	0.408287	-0.367338	-0.481081
24.55	-1.41279	-0.687072	0.426379	-0.358897	-0.481233
24.6	-1.39056	-0.704574	0.444598	-0.350037	-0.481392
24.65	-1.36741	-0.721611	0.462952	-0.340737	-0.481559
24.7	-1.34334	-0.738159	0.48145	-0.330975	-0.481735
24.75	-1.31834	-0.754196	0.500101	-0.320727	-0.481921
24.8	-1.29239	-0.769694	0.518915	-0.309964	-0.482117
24.85	-1.2655	-0.784627	0.537901	-0.298657	-0.482325
24.9	-1.23764	-0.798965	0.557067	-0.286773	-0.482546
24.95	-1.20882	-0.812679	0.576425	-0.274277	-0.482782
25	-1.17902	-0.825736	0.595982	-0.261129	-0.483032
25.05	-1.14824	-0.8381	0.615748	-0.247285	-0.483301
25.1	-1.11645	-0.849735	0.635733	-0.232698	-0.483588
25.15	-1.08365	-0.860601	0.655945	-0.217315	-0.483897
25.2	-1.04983	-0.870654	0.676392	-0.201077	-0.48423
25.25	-1.01498	-0.87985	0.697081	-0.183918	-0.48459
25.3	-0.979077	-0.888139	0.71802	-0.165767	-0.484979
25.35	-0.942116	-0.895466	0.739214	-0.146542	-0.485402
25.4	-0.904083	-0.901773	0.760666	-0.126152	-0.485863
25.45	-0.864964	-0.906998	0.782376	-0.104497	-0.486365
25.5	-0.824747	-0.911071	0.804344	-0.0814618	-0.486916
25.55	-0.783418	-0.913917	0.826562	-0.0569178	-0.487522
25.6	-0.740967	-0.915453	0.84902	-0.0307192	-0.48819
25.65	-0.697383	-0.915588	0.871699	-0.00270029	-0.488928
25.7	-0.652654	-0.914222	0.89457	0.0273274	-0.489749
25.75	-0.606774	-0.911243	0.917594	0.0595794	-0.490663
25.8	-0.559739	-0.906528	0.940716	0.0943031	-0.491685
25.85	-0.511546	-0.899938	0.963858	0.131783	-0.492834
25.9	-0.4622	-0.891321	0.986916	0.172348	-0.494129
25.95	-0.411712	-0.880502	1.00975	0.216379	-0.495596
26	-0.360104	-0.867286	1.03217	0.264319	-0.497264
26.05	-0.307409	-0.851452	1.05391	0.316683	-0.499168
26.1	-0.253677	-0.832748	1.07463	0.374073	-0.501349
26.15	-0.198985	-0.810889	1.09385	0.437188	-0.503857
26.2	-0.143437	-0.785547	1.11095	0.506843	-0.506748
26.25	-0.0871859	-0.756348	1.12503	0.58398	-0.510082
26.3	-0.0304404	-0.722864	1.13491	0.669669	-0.513923
26.35	0.026506	-0.684609	1.13893	0.765103	-0.518325
26.4	0.0832463	-0.641032	1.13481	0.871544	-0.523307
26.45	0.139216	-0.591522	1.1194	0.990207	-0.528815
26.5	0.193635	-0.535421	1.08838	1.12201	-0.534628
26.55	0.245431	-0.472069	1.03592	1.26705	-0.540219
26.6	0.293153	-0.400881	0.954447	1.42376	-0.544526
26.65	0.334893	-0.321511	0.834784	1.5874	-0.545692
26.7	0.368264	-0.234108	0.66743	1.74807	-0.541
26.75	0.390556	-0.139661	0.445843	1.88893	-0.527523
26.8	0.399165	-0.0403217	0.172183	1.98679	-0.504054
26.85	0.392321	0.0605788	-0.136883	2.01801	-0.473529
26.9	0.369799	0.159058	-0.450454	1.96959	-0.443036
26.95	0.333104	0.251442	-0.733893	1.84768	-0.419814
27	0.284954	0.335179	-0.963005	1.67473	-0.407005
27.05	0.228437	0.409074	-1.13034	1.47791	-0.403376
27.1	0.166368	0.473027	-1.24138	1.27905	-0.405795
27.15	0.100999	0.527599	-1.30736	1.09145	-0.411341
27.2	0.0340024	0.573663	-1.33994	0.92127	-0.418039
27.25	-0.0334426	0.612169	-1.3489	0.770133	-0.424785
27.3	-0.100525	0.644035	-1.34164	0.637306	-0.431053
27.35	-0.1667	0.670086	-1.3235	0.521035	-0.436645
27.4	-0.231609	0.69105	-1.29818	0.419272	-0.441533
27.45	-0.295022	0.707551	-1.26827	0.330024	-0.445762
27.5	-0.356798	0.720126	-1.23552	0.251494	-0.449407
27.55	-0.416856	0.729232	-1.20116	0.182129	-0.452547
27.6	-0.475155	0.735263	-1.16599	0.120605	-0.455257
27.65	-0.531684	0.738553	-1.13058	0.0658093	-0.457604
27.7	-0.586449	0.739394	-1.0953	0.01681	-0.459643
27.75	-0.63947	0.738035	-1.06041	-0.0271748	-0.461423
27.8	-0.690774	0.734695	-1.02608	-0.0668014	-0.462983
27.85	-0.740394	0.729564	-0.992401	-0.102622	-0.464357
27.9	-0.788366	0.722809	-0.959437	-0.135103	-0.465572
27.95	-0.834727	0.714577	-0.927221	-0.16464	-0.466651
28	-0.879515	0.704998	-0.895762	-0.191571	-0.467613
28.05	-0.922768	0.694189	-0.865057	-0.216184	-0.468475
28.1	-0.964522	0.682253	-0.835091	-0.238726	-0.46925
28.15	-1.00481	0.669282	-0.805846	-0.259413	-0.469948
28.2	-1.04368	0.65536	-0.777296	-0.278429	-0.470581
28.25	-1.08115	0.640564	-0.749415	-0.295937	-0.471156
28.3	-1.11726	0.62496	-0.722176	-0.312075	-0.47168
28.35	-1.15204	0.608611	-0.695549	-0.32697	-0.472159
28.4	-1.18551	0.591575	-0.669507	-0.340728	-0.472598
28.45	-1.21771	0.573903	-0.64402	-0.353446	-0.473002
28.5	-1.24867	0.555642	-0.619062	-0.365208	-0.473375
28.55	-1.2784	0.536838	-0.594606	-0.376091	-0.47372
28.6	-1.30693	0.51753	-0.570627	-0.386161	-0.474039
28.65	-1.33428	0.497756	-0.547099	-0.395477	-0.474336
28.7	-1.36048	0.477551	-0.524	-0.404094	-0.474613
28.75	-1.38555	0.456948	-0.501307	-0.41206	-0.474872
28.8	-1.4095	0.435977	-0.478999	-0.419417	-0.475114
28.85	-1.43235	0.414667	-0.457055	-0.426205	-0.475341
28.9	-1.45412	0.393044	-0.435455	-0.432458	-0.475555
28.95	-1.47483	0.371134	-0.414182	-0.438208	-0.475757
29	-1.49449	0.34896	-0.393218	-0.443484	-0.475947
29.05	-1.51312	0.326544	-0.372545	-0.448311	-0.476128
29.1	-1.53073	0.303908	-0.352148	-0.452712	-0.476299
29.15	-1.54733	0.281073	-0.332011	-0.45671	-0.476462
29.2	-1.56293	0.258057	-0.31212	-0.460324	-0.476617
29.25	-1.57756	0.234878	-0.292461	-0.463569	-0.476765
29.3	-1.59121	0.211555	-0.27302	-0.466464	-0.476907
29.35	-1.6039	0.188104	-0.253784	-0.469021	-0.477043
29.4	-1.61563	0.164541	-0.234742	-0.471255	-0.477174
29.45	-1.62643	0.140882	-0.215881	-0.473175	-0.477301
29.5	-1.63629	0.117143	-0.19719	-0.474795	-0.477422
29.55	-1.64522	0.0933366	-0.178658	-0.476121	-0.47754
29.6	-1.65323	0.0694784	-0.160275	-0.477164	-0.477655
29.65	-1.66034	0.0455819	-0.14203	-0.477931	-0.477766
29.7	-1.66653	0.0216605	-0.123912	-0.478428	-0.477874
29.75	-1.67183	-0.00227265	-0.105914	-0.478662	-0.47798
29.8	-1.67623	-0.0262045	-0.0880252	-0.478638	-0.478083
29.85	-1.67974	-0.0501225	-0.0702365	-0.47836	-0.478185
29.9	-1.68237	-0.0740141	-0.0525392	-0.477832	-0.478284
29.95	-1.68411	-0.097867	-0.0349248	-0.477057	-0.478383
30	-1.68498	-0.121669	-0.0173847	-0.476038	-0.47848
30.05	-1.68498	-0.145408	8.92325e-05	-0.474776	-0.478576
30.1	-1.6841	-0.169071	0.0175052	-0.473273	-0.478671
30.15	-1.68236	-0.192648	0.0348712	-0.471529	-0.478766
30.2	-1.67975	-0.216125	0.0521951	-0.469546	-0.478861
30.25	-1.67628	-0.239491	0.0694847	-0.467321	-0.478955
30.3	-1.67194	-0.262734	0.0867477	-0.464855	-0.47905
30.35	-1.66674	-0.285841	0.103992	-0.462145	-0.479145
30.4	-1.66068	-0.308801	0.121224	-0.45919	-0.479241
30.45	-1.65375	-0.3316	0.138453	-0.455986	-0.479337
30.5	-1.64597	-0.354226	0.155686	-0.452531	-0.479435
30.55	-1.63732	-0.376667	0.172929	-0.44882	-0.479534
30.6	-1.62781	-0.39891	0.190192	-0.444848	-0.479634
30.65	-1.61744	-0.42094	0.207481	-0.440612	-0.479737
30.7	-1.6062	-0.442745	0.224804	-0.436103	-0.479841
30.75	-1.59409	-0.464311	0.242168	-0.431317	-0.479948
30.8	-1.58111	-0.485624	0.259582	-0.426245	-0.480058
30.85	-1.56726	-0.506667	0.277053	-0.420878	-0.48017
30.9	-1.55253	-0.527428	0.294589	-0.415209	-0.480286
30.95	-1.53692	-0.547889	0.312199	-0.409227	-0.480406
31	-1.52043	-0.568035	0.329889	-0.402921	-0.48053
31.05	-1.50304	-0.587849	0.347668	-0.396278	-0.480658
31.1	-1.48477	-0.607314	0.365546	-0.389286	-0.480792
31.15	-1.46559	-0.62641	0.383529	-0.381931	-0.480931
31.2	-1.44551	-0.64512	0.401628	-0.374195	-0.481076
31.25	-1.42452	-0.663423	0.41985	-0.366063	-0.481227
31.3	-1.4026	-0.681299	0.438205	-0.357514	-0.481386
31.35	-1.37977	-0.698725	0.456702	-0.34853	-0.481553
31.4	-1.356	-0.715679	0.475351	-0.339086	-0.481729
31.45	-1.33129	-0.732137	0.49416	-0.329159	-0.481914
31.5	-1.30564	-0.748073	0.513139	-0.318721	-0.48211
31.55	-1.27902	-0.763461	0.532299	-0.307743	-0.482318
31.6	-1.25144	-0.77827	0.551649	-0.296193	-0.482538
31.65	-1.22288	-0.792472	0.571199	-0.284035	-0.482773
31.7	-1.19333	-0.806034	0.590959	-0.27123	-0.483023
31.75	-1.16278	-0.81892	0.61094	-0.257734	-0.483291
31.8	-1.13123	-0.831095	0.63115	-0.2435	-0.483578
31.85	-1.09865	-0.842519	0.6516	-0.228476	-0.483886
31.9	-1.06503	-0.853149	0.672299	-0.212603	-0.484218
31.95	-1.03037	-0.86294	0.693255	-0.195816	-0.484577
32	-0.994646	-0.871842	0.714476	-0.178043	-0.484965
32.05	-0.957848	-0.879802	0.735968	-0.159204	-0.485386
32.1	-0.919961	-0.886763	0.757738	-0.139208	-0.485845
32.15	-0.880971	-0.892661	0.779787	-0.117955	-0.486347
32.2	-0.840866	-0.897427	0.802115	-0.0953302	-0.486896
32.25	-0.79963	-0.900987	0.824719	-0.0712059	-0.487499
32.3	-0.75725	-0.903259	0.84759	-0.0454365	-0.488165
32.35	-0.713715	-0.904152	0.870711	-0.017857	-0.488901
32.4	-0.669012	-0.903566	0.894059	0.0117207	-0.489718
32.45	-0.623132	-0.90139	0.917598	0.0435118	-0.490628
32.5	-0.576068	-0.897502	0.941276	0.0777631	-0.491647
32.55	-0.527817	-0.891764	0.965022	0.114759	-0.492791
32.6	-0.47838	-0.884023	0.988738	0.154829	-0.49408
32.65	-0.427765	-0.874105	1.01229	0.198353	-0.495541
32.7	-0.375991	-0.861816	1.0355	0.245775	-0.497201
32.75	-0.323085	-0.846936	1.05811	0.297611	-0.499095
32.8	-0.269095	-0.829213	1.0798	0.354466	-0.501266
32.85	-0.214089	-0.80836	1.10011	0.417042	-0.503762
32.9	-0.158169	-0.784052	1.11841	0.486161	-0.506637
32.95	-0.101475	-0.755914	1.13387	0.562772	-0.509955
33	-0.04421	-0.723516	1.14531	0.647963	-0.513777
33.05	0.0133455	-0.686368	1.15111	0.742946	-0.518158
33.1	0.0707978	-0.643917	1.14905	0.84902	-0.52312
33.15	0.127599	-0.595545	1.13603	0.967455	-0.528611
33.2	0.182988	-0.540582	1.10779	1.09925	-0.53442
33.25	0.235917	-0.478349	1.05857	1.24466	-0.540034
33.3	0.284958	-0.408235	0.980824	1.40229	-0.544413
33.35	0.328226	-0.329849	0.865359	1.56771	-0.545733
33.4	0.36335	-0.24328	0.702483	1.73139	-0.541303
33.45	0.38761	-0.149436	0.485195	1.87687	-0.528178
33.5	0.398353	-0.0503816	0.214857	1.9811	-0.505045
33.55	0.393712	0.0506189	-0.0928206	2.02001	-0.474666
33.6	0.373334	0.149596	-0.407547	1.97955	-0.444033
33.65	0.338611	0.242825	-0.694474	1.86457	-0.420467
33.7	0.292186	0.327662	-0.928501	1.69675	-0.407288
33.75	0.237128	0.402819	-1.10116	1.50313	-0.403382
33.8	0.176265	0.468114	-1.21725	1.30592	-0.40564
33.85	0.111881	0.524059	-1.28767	1.1189	-0.411114
33.9	0.0456801	0.57149	-1.32403	0.948612	-0.417795
33.95	-0.0211272	0.611339	-1.33615	0.796975	-0.424551
34	-0.0877038	0.64451	-1.33153	0.66343	-0.43084
34.05	-0.153484	0.671826	-1.3156	0.546329	-0.436458
34.1	-0.218091	0.694011	-1.29215	0.44369	-0.441371
34.15	-0.281282	0.711689	-1.26382	0.353556	-0.445622
34.2	-0.342904	0.725396	-1.23244	0.274154	-0.449286
34.25	-0.402867	0.735593	-1.19925	0.203938	-0.452443
34.3	-0.461122	0.742673	-1.1651	0.141592	-0.455167
34.35	-0.517651	0.746973	-1.13059	0.0860067	-0.457525
34.4	-0.572457	0.748786	-1.09611	0.0362492	-0.459575
34.45	-0.625553	0.748363	-1.06193	-0.00846279	-0.461363
34.5	-0.676964	0.745923	-1.02822	-0.0487867	-0.462931
34.55	-0.726719	0.741659	-0.995104	-0.0852763	-0.464311
34.6	-0.774852	0.735739	-0.962647	-0.1184	-0.465531
34.65	-0.821396	0.728312	-0.930889	-0.148555	-0.466614
34.7	-0.866388	0.719508	-0.899846	-0.176081	-0.467581
34.75	-0.909864	0.709444	-0.869518	-0.201267	-0.468446
34.8	-0.951859	0.698226	-0.839897	-0.224363	-0.469223
34.85	-0.992408	0.685947	-0.810966	-0.245585	-0.469925
34.9	-1.03154	0.672691	-0.782705	-0.265119	-0.47056
34.95	-1.0693	0.658535	-0.75509	-0.283127	-0.471137
35	-1.1057	0.643547	-0.728094	-0.299753	-0.471662
35.05	-1.14079	0.627791	-0.701692	-0.31512	-0.472143
35.1	-1.17458	0.611324	-0.675856	-0.329337	-0.472583
35.15	-1.20711	0.594199	-0.65056	-0.342503	-0.472989
35.2	-1.2384	0.576464	-0.625778	-0.354702	-0.473362
35.25	-1.26847	0.558163	-0.601485	-0.36601	-0.473708
35.3	-1.29735	0.539339	-0.577656	-0.376496	-0.474028
35.35	-1.32507	0.520028	-0.554268	-0.386219	-0.474326
35.4	-1.35163	0.500266	-0.531297	-0.395234	-0.474604
35.45	-1.37707	0.480087	-0.508722	-0.403589	-0.474863
35.5	-1.40139	0.45952	-0.486523	-0.411328	-0.475106
35.55	-1.42463	0.438596	-0.46468	-0.418491	-0.475334
35.6	-1.44679	0.41734	-0.443173	-0.425112	-0.475548
35.65	-1.46789	0.395779	-0.421985	-0.431224	-0.47575
35.7	-1.48794	0.373936	-0.401098	-0.436855	-0.475941
35.75	-1.50697	0.351834	-0.380496	-0.442033	-0.476122
35.8	-1.52497	0.329495	-0.360164	-0.44678	-0.476293
35.85	-1.54198	0.30694	-0.340086	-0.451118	-0.476456
35.9	-1.55799	0.284186	-0.320248	-0.455067	-0.476612
35.95	-1.57302	0.261254	-0.300636	-0.458644	-0.47676
36	-1.58708	0.238161	-0.281237	-0.461866	-0.476902
36.05	-1.60019	0.214923	-0.262039	-0.464747	-0.477039
36.1	-1.61234	0.191558	-0.243029	-0.4673	-0.47717
36.15	-1.62355	0.168081	-0.224196	-0.469538	-0.477296
36.2	-1.63382	0.144508	-0.205528	-0.471471	-0.477418
36.25	-1.64317	0.120853	-0.187014	-0.473108	-0.477536
36.3	-1.65161	0.0971296	-0.168645	-0.474459	-0.47765
36.35	-1.65913	0.073353	-0.15041	-0.475531	-0.477762
36.4	-1.66574	0.0495364	-0.132299	-0.476332	-0.47787
36.45	-1.67146	0.025693	-0.114303	-0.476867	-0.477976
36.5	-1.67628	0.00183592	-0.0964127	-0.477142	-0.478079
36.55	-1.68021	-0.0220222	-0.0786185	-0.477162	-0.478181
36.6	-1.68325	-0.0458687	-0.060912	-0.47693	-0.478281
36.65	-1.68542	-0.0696911	-0.0432847	-0.476449	-0.478379
36.7	-1.6867	-0.0934773	-0.0257281	-0.475723	-0.478476
36.75	-1.68712	-0.117215	-0.00823386	-0.474754	-0.478572
36.8	-1.68666	-0.140892	0.00920599	-0.473542	-0.478668
36.85	-1.68533	-0.164497	0.0265995	-0.472089	-0.478763
36.9	-1.68313	-0.188016	0.0439545	-0.470395	-0.478857
36.95	-1.68006	-0.211439	0.0612789	-0.46846	-0.478952
37	-1.67614	-0.234753	0.0785802	-0.466283	-0.479046
37.05	-1.67134	-0.257947	0.0958663	-0.463862	-0.479141
37.1	-1.66569	-0.281006	0.113145	-0.461195	-0.479237
37.15	-1.65916	-0.30392	0.130423	-0.45828	-0.479334
37.2	-1.65178	-0.326676	0.147709	-0.455114	-0.479431
37.25	-1.64353	-0.349261	0.16501	-0.451692	-0.47953
37.3	-1.63441	-0.371661	0.182334	-0.448011	-0.479631
37.35	-1.62443	-0.393864	0.199688	-0.444064	-0.479733
37.4	-1.61357	-0.415857	0.21708	-0.439847	-0.479837
37.45	-1.60185	-0.437624	0.234518	-0.435353	-0.479944
37.5	-1.58925	-0.459153	0.25201	-0.430574	-0.480054
37.55	-1.57577	-0.480428	0.269564	-0.425503	-0.480166
37.6	-1.56141	-0.501435	0.287187	-0.42013	-0.480282
37.65	-1.54616	-0.522157	0.304887	-0.414445	-0.480402
37.7	-1.53003	-0.542579	0.322674	-0.408439	-0.480525
37.75	-1.513	-0.562684	0.340556	-0.402097	-0.480654
37.8	-1.49508	-0.582454	0.358541	-0.395409	-0.480787
37.85	-1.47624	-0.601872	0.376637	-0.388359	-0.480926
37.9	-1.4565	-0.620919	0.394854	-0.380932	-0.481071
37.95	-1.43584	-0.639574	0.413201	-0.37311	-0.481222
38	-1.41426	-0.657818	0.431687	-0.364876	-0.481381
38.05	-1.39174	-0.675628	0.450322	-0.356208	-0.481547
38.1	-1.36829	-0.692983	0.469115	-0.347085	-0.481723
38.15	-1.34388	-0.709857	0.488077	-0.337482	-0.481908
38.2	-1.31852	-0.726225	0.507217	-0.327372	-0.482103
38.25	-1.29219	-0.742062	0.526545	-0.316726	-0.48231
38.3	-1.26489	-0.757337	0.546073	-0.305512	-0.48253
38.35	-1.2366	-0.772022	0.56581	-0.293695	-0.482764
38.4	-1.20731	-0.786084	0.585767	-0.281235	-0.483014
38.45	-1.17701	-0.799488	0.605955	-0.268091	-0.483281
38.5	-1.14569	-0.812199	0.626385	-0.254214	-0.483567
38.55	-1.11334	-0.824177	0.647066	-0.239552	-0.483875
38.6	-1.07994	-0.835379	0.66801	-0.224048	-0.484206
38.65	-1.04548	-0.845761	0.689226	-0.207637	-0.484563
38.7	-1.00994	-0.855273	0.710722	-0.190247	-0.48495
38.75	-0.973317	-0.863863	0.732507	-0.171798	-0.485371
38.8	-0.935588	-0.871473	0.754588	-0.152201	-0.485828
38.85	-0.89674	-0.878041	0.776968	-0.131354	-0.486328
38.9	-0.856757	-0.883498	0.799649	-0.109146	-0.486875
38.95	-0.815626	-0.88777	0.822631	-0.0854468	-0.487477
39	-0.77333	-0.890776	0.845906	-0.0601129	-0.48814
39.05	-0.729857	-0.892425	0.869462	-0.0329796	-0.488873
39.1	-0.685193	-0.892618	0.893278	-0.00385912	-0.489687
39.15	-0.639327	-0.891245	0.917321	0.0274631	-0.490594
39.2	-0.59225	-0.888183	0.941546	0.0612337	-0.491609
39.25	-0.543956	-0.883296	0.965887	0.0977365	-0.492748
39.3	-0.494443	-0.876431	0.990251	0.1373	-0.494032
39.35	-0.443717	-0.867416	1.01451	0.180306	-0.495485
39.4	-0.391792	-0.856056	1.0385	0.227198	-0.497138
39.45	-0.338694	-0.842132	1.06198	0.278493	-0.499023
39.5	-0.284463	-0.825392	1.08462	0.334797	-0.501183
39.55	-0.229163	-0.805551	1.106	0.396817	-0.503666
39.6	-0.172888	-0.782282	1.1255	0.46538	-0.506527
39.65	-0.115772	-0.75521	1.14231	0.541444	-0.509828
39.7	-0.0580077	-0.723904	1.15529	0.626109	-0.513631
39.75	0.000135446	-0.687874	1.16286	0.72061	-0.517991
39.8	0.0582775	-0.64656	1.16284	0.82628	-0.522933
39.85	0.115887	-0.599337	1.15219	0.944443	-0.528408
39.9	0.172223	-0.545528	1.12672	1.07618	-0.534212
39.95	0.226259	-0.484434	1.08072	1.22188	-0.539847
40	0.276594	-0.415417	1.00671	1.38035	-0.544296
40.05	0.321367	-0.338045	0.895452	1.54744	-0.545767
40.1	0.358222	-0.252344	0.737098	1.71401	-0.541595
40.15	0.384432	-0.159145	0.524202	1.86399	-0.52882
40.2	0.397299	-0.0604219	0.25734	1.97446	-0.506026
40.25	0.394862	0.0406286	-0.0487437	2.02101	-0.475803
40.3	0.376642	0.140055	-0.364403	1.98853	-0.445039
40.35	0.34391	0.234086	-0.654634	1.88061	-0.421133
40.4	0.299237	0.319988	-0.89346	1.71805	-0.407583
40.45	0.245667	0.396377	-1.07139	1.52778	-0.403395
40.5	0.186042	0.462994	-1.19251	1.33235	-0.405489
40.55	0.122672	0.520295	-1.26739	1.14601	-0.410889
40.6	0.0572948	0.56908	-1.30755	0.975701	-0.417551
40.65	-0.00884795	0.610261	-1.32286	0.823628	-0.424316
40.7	-0.0748934	0.644732	-1.32091	0.689412	-0.430627
40.75	-0.140254	0.673308	-1.30722	0.571521	-0.43627
40.8	-0.204537	0.69671	-1.28566	0.468038	-0.441207
40.85	-0.267484	0.715562	-1.25895	0.377044	-0.445481
40.9	-0.328932	0.730401	-1.22895	0.29679	-0.449165
40.95	-0.388779	0.741688	-1.19695	0.225742	-0.452338
41	-0.446972	0.749818	-1.16385	0.162591	-0.455077
41.05	-0.503484	0.755129	-1.13025	0.106229	-0.457447
41.1	-0.558313	0.757916	-1.09658	0.0557251	-0.459506
41.15	-0.611468	0.75843	-1.06311	0.0102964	-0.461303
41.2	-0.662971	0.756895	-1.03005	-0.0307156	-0.462878
41.25	-0.712846	0.753501	-0.997506	-0.0678661	-0.464264
41.3	-0.761124	0.74842	-0.965568	-0.101625	-0.46549
41.35	-0.807838	0.741801	-0.93428	-0.132391	-0.466578
41.4	-0.853022	0.733775	-0.903662	-0.160506	-0.467548
41.45	-0.896708	0.724462	-0.873723	-0.18626	-0.468417
41.5	-0.93893	0.713967	-0.844457	-0.209904	-0.469197
41.55	-0.979723	0.702384	-0.815851	-0.231656	-0.469901
41.6	-1.01912	0.689799	-0.787888	-0.251704	-0.470538
41.65	-1.05714	0.676289	-0.760546	-0.27021	-0.471117
41.7	-1.09383	0.661923	-0.733803	-0.287319	-0.471644
41.75	-1.12922	0.646765	-0.707633	-0.303155	-0.472126
41.8	-1.16332	0.630873	-0.682012	-0.317829	-0.472568
41.85	-1.19616	0.614301	-0.656915	-0.33144	-0.472975
41.9	-1.22778	0.597098	-0.632317	-0.344072	-0.47335
41.95	-1.25819	0.579308	-0.608194	-0.355804	-0.473696
42	-1.28741	0.560972	-0.584523	-0.366703	-0.474017
42.05	-1.31548	0.542131	-0.56128	-0.376831	-0.474316
42.1	-1.3424	0.522819	-0.538444	-0.386242	-0.474594
42.15	-1.3682	0.50307	-0.515995	-0.394985	-0.474854
42.2	-1.3929	0.482914	-0.493911	-0.403105	-0.475097
42.25	-1.4165	0.462382	-0.472175	-0.410641	-0.475326
42.3	-1.43904	0.441501	-0.450767	-0.417629	-0.47554
42.35	-1.46053	0.420296	-0.42967	-0.424101	-0.475743
42.4	-1.48097	0.398791	-0.408867	-0.430088	-0.475934
42.45	-1.50039	0.377011	-0.388343	-0.435615	-0.476115
42.5	-1.51879	0.354975	-0.368081	-0.440706	-0.476287
42.55	-1.53619	0.332706	-0.348067	-0.445384	-0.47645
42.6	-1.55261	0.310223	-0.328288	-0.449667	-0.476606
42.65	-1.56805	0.287544	-0.308729	-0.453575	-0.476755
42.7	-1.58251	0.264688	-0.289378	-0.457124	-0.476897
42.75	-1.59603	0.241671	-0.270222	-0.460328	-0.477034
42.8	-1.60859	0.218511	-0.251249	-0.463201	-0.477165
42.85	-1.62021	0.195224	-0.232449	-0.465755	-0.477292
42.9	-1.6309	0.171824	-0.213809	-0.468001	-0.477414
42.95	-1.64067	0.148326	-0.19532	-0.469949	-0.477532
43	-1.64952	0.124746	-0.17697	-0.471607	-0.477646
43.05	-1.65745	0.101097	-0.15875	-0.472985	-0.477758
43.1	-1.66449	0.0773921	-0.140651	-0.474089	-0.477866
43.15	-1.67062	0.0536458	-0.122662	-0.474926	-0.477972
43.2	-1.67586	0.0298708	-0.104775	-0.4755	-0.478076
43.25	-1.68021	0.00607997	-0.0869801	-0.475817	-0.478177
43.3	-1.68367	-0.0177141	-0.0692694	-0.475881	-0.478277
43.35	-1.68625	-0.0414989	-0.051634	-0.475696	-0.478376
43.4	-1.68795	-0.0652621	-0.0340657	-0.475263	-0.478473
43.45	-1.68878	-0.0889914	-0.0165561	-0.474586	-0.478569
43.5	-1.68874	-0.112675	0.000902756	-0.473666	-0.478664
43.55	-1.68782	-0.1363	0.0183189	-0.472504	-0.478759
43.6	-1.68604	-0.159855	0.0357002	-0.471101	-0.478854
43.65	-1.68338	-0.183328	0.0530545	-0.469455	-0.478948
43.7	-1.67986	-0.206706	0.0703895	-0.467568	-0.479043
43.75	-1.67548	-0.229978	0.0877128	-0.465436	-0.479138
43.8	-1.67023	-0.253131	0.105032	-0.463059	-0.479234
43.85	-1.66411	-0.276153	0.122355	-0.460433	-0.47933
43.9	-1.65712	-0.29903	0.13969	-0.457557	-0.479428
43.95	-1.64927	-0.321752	0.157043	-0.454425	-0.479527
44	-1.64055	-0.344303	0.174423	-0.451035	-0.479627
44.05	-1.63096	-0.366672	0.191838	-0.44738	-0.479729
44.1	-1.62049	-0.388845	0.209294	-0.443455	-0.479834
44.15	-1.60915	-0.410808	0.226801	-0.439254	-0.47994
44.2	-1.59694	-0.432546	0.244366	-0.43477	-0.48005
44.25	-1.58384	-0.454046	0.261997	-0.429995	-0.480162
44.3	-1.56985	-0.475292	0.279702	-0.424919	-0.480278
44.35	-1.55498	-0.496269	0.29749	-0.419534	-0.480397
44.4	-1.53921	-0.51696	0.315368	-0.413828	-0.480521
44.45	-1.52254	-0.53735	0.333347	-0.40779	-0.480649
44.5	-1.50497	-0.55742	0.351433	-0.401406	-0.480782
44.55	-1.48649	-0.577153	0.369637	-0.394664	-0.480921
44.6	-1.46709	-0.59653	0.387968	-0.387547	-0.481065
44.65	-1.44677	-0.615532	0.406434	-0.380038	-0.481216
44.7	-1.42552	-0.634138	0.425046	-0.372119	-0.481375
44.75	-1.40332	-0.652327	0.443813	-0.363771	-0.481541
44.8	-1.38019	-0.670075	0.462746	-0.35497	-0.481716
44.85	-1.35609	-0.68736	0.481854	-0.345693	-0.481901
44.9	-1.33104	-0.704156	0.501149	-0.335913	-0.482096
44.95	-1.30501	-0.720436	0.52064	-0.325602	-0.482303
45	-1.27799	-0.736172	0.540339	-0.314727	-0.482522
45.05	-1.24998	-0.751335	0.560257	-0.303253	-0.482756
45.1	-1.22096	-0.765892	0.580405	-0.291143	-0.483005
45.15	-1.19092	-0.77981	0.600795	-0.278352	-0.483271
45.2	-1.15984	-0.793051	0.621438	-0.264835	-0.483557
45.25	-1.12773	-0.805578	0.642345	-0.25054	-0.483863
45.3	-1.09455	-0.817349	0.663528	-0.235409	-0.484193
45.35	-1.0603	-0.828318	0.684996	-0.219377	-0.48455
45.4	-1.02496	-0.838436	0.706761	-0.202374	-0.484936
45.45	-0.98852	-0.847652	0.728832	-0.18432	-0.485355
45.5	-0.950959	-0.855909	0.751216	-0.165126	-0.485811
45.55	-0.912264	-0.863143	0.773919	-0.144692	-0.486309
45.6	-0.872416	-0.869288	0.796947	-0.122904	-0.486855
45.65	-0.831401	-0.87427	0.820298	-0.0996364	-0.487454
45.7	-0.789203	-0.878007	0.84397	-0.0747442	-0.488115
45.75	-0.745805	-0.880411	0.867952	-0.0480636	-0.488846
45.8	-0.701194	-0.881381	0.892227	-0.0194074	-0.489657
45.85	-0.655356	-0.880809	0.916766	0.0114383	-0.49056
45.9	-0.608279	-0.878573	0.941529	0.0447197	-0.49157
45.95	-0.559956	-0.874537	0.966454	0.0807202	-0.492705
46	-0.510384	-0.868549	0.991456	0.119768	-0.493983
46.05	-0.459563	-0.860436	1.01642	0.162245	-0.49543
46.1	-0.407504	-0.850007	1.04117	0.208594	-0.497075
46.15	-0.354229	-0.83704	1.0655	0.259334	-0.498952
46.2	-0.299775	-0.821286	1.08909	0.315073	-0.501101
46.25	-0.244199	-0.80246	1.11151	0.37652	-0.503572
46.3	-0.187589	-0.780235	1.1322	0.444508	-0.506418
46.35	-0.130071	-0.754235	1.15035	0.520001	-0.509702
46.4	-0.0718285	-0.724029	1.16486	0.604115	-0.513486
46.45	-0.0131192	-0.689124	1.17418	0.698104	-0.517826
46.5	0.0456902	-0.648957	1.17619	0.803334	-0.522747
46.55	0.104085	-0.602898	1.16789	0.92118	-0.528205
46.6	0.161343	-0.550258	1.14517	1.05281	-0.534004
46.65	0.216462	-0.490321	1.10238	1.19873	-0.539658
46.7	0.268066	-0.422424	1.03209	1.35795	-0.544175
46.75	0.314319	-0.346093	0.925055	1.52662	-0.545794
46.8	0.352882	-0.261295	0.771263	1.69596	-0.541875
46.85	0.381025	-0.168781	0.562845	1.85028	-0.529449
46.9	0.396005	-0.0704369	0.299607	1.96689	-0.506996
46.95	0.395771	0.0306135	-0.00467618	2.02101	-0.476939
47	0.379719	0.13044	-0.321046	1.99654	-0.446054
47.05	0.348999	0.225229	-0.614393	1.89577	-0.421813
47.1	0.306104	0.31216	-0.857895	1.73862	-0.40789
47.15	0.254052	0.389752	-1.04104	1.55185	-0.403417
47.2	0.195693	0.457669	-1.16718	1.35833	-0.405342
47.25	0.133367	0.516308	-1.24653	1.17277	-0.410666
47.3	0.0688417	0.566434	-1.2905	1.00253	-0.417307
47.35	0.00339018	0.608938	-1.30903	0.85008	-0.42408
47.4	-0.0620989	0.6447	-1.30978	0.715245	-0.430413
47.45	-0.127017	0.67453	-1.29835	0.596603	-0.436081
47.5	-0.190952	0.699146	-1.27871	0.492306	-0.441043
47.55	-0.253634	0.71917	-1.25363	0.40048	-0.445339
47.6	-0.314886	0.735139	-1.22504	0.319396	-0.449042
47.65	-0.374599	0.747516	-1.19426	0.247535	-0.452233
47.7	-0.432709	0.756696	-1.16221	0.183594	-0.454986
47.75	-0.489187	0.763019	-1.12955	0.12647	-0.457368
47.8	-0.544022	0.766781	-1.0967	0.0752316	-0.459438
47.85	-0.59722	0.768236	-1.06397	0.0290969	-0.461243
47.9	-0.648798	0.767606	-1.03156	-0.0125936	-0.462825
47.95	-0.698778	0.765086	-0.999605	-0.0503964	-0.464218
48	-0.747188	0.760847	-0.968199	-0.0847829	-0.465449
48.05	-0.794058	0.755039	-0.937391	-0.116154	-0.466541
48.1	-0.839418	0.747797	-0.907211	-0.144851	-0.467515
48.15	-0.883302	0.739239	-0.877671	-0.171167	-0.468387
48.2	-0.92574	0.729471	-0.848769	-0.195355	-0.469171
48.25	-0.966765	0.718589	-0.820498	-0.217632	-0.469877
48.3	-1.00641	0.70668	-0.792842	-0.238189	-0.470516
48.35	-1.0447	0.69382	-0.765783	-0.257189	-0.471097
48.4	-1.08166	0.680081	-0.739301	-0.274777	-0.471626
48.45	-1.11733	0.665527	-0.713372	-0.291079	-0.47211
48.5	-1.15173	0.650217	-0.687974	-0.306207	-0.472553
48.55	-1.18488	0.634204	-0.663083	-0.32026	-0.472961
48.6	-1.21682	0.617538	-0.638676	-0.333323	-0.473337
48.65	-1.24755	0.600264	-0.614731	-0.345476	-0.473684
48.7	-1.27711	0.582425	-0.591224	-0.356786	-0.474006
48.75	-1.30552	0.564059	-0.568134	-0.367316	-0.474306
48.8	-1.33279	0.545203	-0.54544	-0.377121	-0.474585
48.85	-1.35895	0.525891	-0.523122	-0.386251	-0.474845
48.9	-1.38401	0.506153	-0.501161	-0.394749	-0.475089
48.95	-1.40798	0.48602	-0.479538	-0.402657	-0.475318
49	-1.4309	0.46552	-0.458235	-0.410011	-0.475533
49.05	-1.45276	0.444678	-0.437235	-0.416843	-0.475736
49.1	-1.47358	0.423518	-0.416522	-0.423183	-0.475927
49.15	-1.49339	0.402066	-0.396081	-0.429058	-0.476109
49.2	-1.51218	0.380341	-0.375895	-0.434492	-0.476281
49.25	-1.52998	0.358365	-0.355952	-0.439508	-0.476445
49.3	-1.54679	0.336159	-0.336237	-0.444126	-0.476601
49.35	-1.56263	0.313741	-0.316736	-0.448364	-0.47675
49.4	-1.5775	0.291129	-0.297438	-0.452239	-0.476892
49.45	-1.59142	0.268341	-0.27833	-0.455765	-0.477029
49.5	-1.60439	0.245393	-0.259401	-0.458957	-0.477161
49.55	-1.61642	0.222302	-0.240638	-0.461827	-0.477287
49.6	-1.62752	0.199082	-0.222032	-0.464386	-0.477409
49.65	-1.6377	0.17575	-0.203572	-0.466644	-0.477528
49.7	-1.64696	0.15232	-0.185247	-0.46861	-0.477642
49.75	-1.65531	0.128805	-0.167048	-0.470294	-0.477754
49.8	-1.66276	0.10522	-0.148964	-0.471701	-0.477862
49.85	-1.66931	0.0815779	-0.130988	-0.472838	-0.477968
49.9	-1.67497	0.0578923	-0.113109	-0.473712	-0.478072
49.95	-1.67973	0.034176	-0.0953187	-0.474327	-0.478174
50	-1.68361	0.0104416	-0.0776087	-0.474687	-0.478274
50.05	-1.68661	-0.0132982	-0.0599702	-0.474797	-0.478372
50.1	-1.68873	-0.0370311	-0.0423951	-0.474658	-0.478469
50.15	-1.68998	-0.0607448	-0.024875	-0.474274	-0.478566
50.2	-1.69035	-0.0844271	-0.00740198	-0.473646	-0.478661
50.25	-1.68984	-0.108066	0.010032	-0.472775	-0.478756
50.3	-1.68847	-0.131649	0.0274347	-0.471662	-0.47885
50.35	-1.68623	-0.155164	0.0448141	-0.470307	-0.478945
50.4	-1.68312	-0.1786	0.0621778	-0.468709	-0.47904
50.45	-1.67915	-0.201943	0.0795336	-0.466868	-0.479135
50.5	-1.6743	-0.225182	0.0968892	-0.46478	-0.47923
50.55	-1.66859	-0.248304	0.114252	-0.462445	-0.479327
50.6	-1.66201	-0.271297	0.13163	-0.459859	-0.479424
50.65	-1.65456	-0.294148	0.149031	-0.457019	-0.479523
50.7	-1.64623	-0.316844	0.166463	-0.45392	-0.479623
50.75	-1.63704	-0.339372	0.183933	-0.450557	-0.479726
50.8	-1.62696	-0.361718	0.201449	-0.446926	-0.47983
50.85	-1.61601	-0.383869	0.21902	-0.44302	-0.479937
50.9	-1.60418	-0.405811	0.236652	-0.438831	-0.480046
50.95	-1.59146	-0.427529	0.254356	-0.434353	-0.480158
51	-1.57786	-0.449007	0.272138	-0.429576	-0.480274
51.05	-1.56335	-0.470232	0.290007	-0.424491	-0.480393
51.1	-1.54796	-0.491186	0.307972	-0.419087	-0.480517
51.15	-1.53165	-0.511854	0.326042	-0.413353	-0.480644
51.2	-1.51444	-0.532218	0.344226	-0.407276	-0.480777
51.25	-1.49632	-0.55226	0.362532	-0.400843	-0.480916
51.3	-1.47727	-0.571962	0.380971	-0.394038	-0.48106
51.35	-1.45729	-0.591304	0.399552	-0.386844	-0.481211
51.4	-1.43638	-0.610266	0.418284	-0.379243	-0.481369
51.45	-1.41452	-0.628827	0.437178	-0.371215	-0.481535
51.5	-1.3917	-0.646964	0.456245	-0.362739	-0.48171
51.55	-1.36793	-0.664653	0.475494	-0.353791	-0.481894
51.6	-1.34318	-0.681871	0.494938	-0.344344	-0.482089
51.65	-1.31745	-0.698589	0.514586	-0.334369	-0.482295
51.7	-1.29073	-0.714781	0.534451	-0.323836	-0.482514
51.75	-1.263	-0.730416	0.554544	-0.312708	-0.482747
51.8	-1.23426	-0.745464	0.574877	-0.300949	-0.482996
51.85	-1.20449	-0.759889	0.595463	-0.288516	-0.483261
51.9	-1.17367	-0.773658	0.616313	-0.275363	-0.483546
51.95	-1.1418	-0.786729	0.637439	-0.261437	-0.483852
52	-1.10886	-0.799063	0.658853	-0.246681	-0.484181
52.05	-1.07483	-0.810615	0.680568	-0.231033	-0.484537
52.1	-1.0397	-0.821336	0.702595	-0.214421	-0.484922
52.15	-1.00345	-0.831175	0.724943	-0.196767	-0.48534
52.2	-0.96607	-0.840074	0.747624	-0.17798	-0.485794
52.25	-0.927538	-0.847972	0.770643	-0.157962	-0.486291
52.3	-0.887838	-0.854802	0.794009	-0.136601	-0.486835
52.35	-0.846952	-0.86049	0.817722	-0.113771	-0.487432
52.4	-0.804863	-0.864957	0.841782	-0.089326	-0.48809
52.45	-0.761554	-0.868112	0.866182	-0.0631045	-0.488818
52.5	-0.717008	-0.869858	0.890907	-0.0349196	-0.489626
52.55	-0.671211	-0.870086	0.915934	-0.00455787	-0.490526
52.6	-0.62415	-0.868674	0.941224	0.0282261	-0.491532
52.65	-0.575814	-0.865489	0.966724	0.0637154	-0.492662
52.7	-0.526196	-0.860377	0.992353	0.102238	-0.493935
52.75	-0.475296	-0.853168	1.018	0.144175	-0.495375
52.8	-0.423121	-0.843669	1.04351	0.189969	-0.497012
52.85	-0.369687	-0.831662	1.06868	0.240142	-0.49888
52.9	-0.315027	-0.816897	1.09319	0.2953	-0.501019
52.95	-0.259194	-0.79909	1.11666	0.356158	-0.503477
53	-0.202268	-0.777912	1.13852	0.42355	-0.50631
53.05	-0.144368	-0.752989	1.158	0.498452	-0.509577
53.1	-0.0856673	-0.72389	1.17401	0.581988	-0.513342
53.15	-0.0264136	-0.690118	1.18507	0.675435	-0.517661
53.2	0.0330405	-0.651109	1.18908	0.780189	-0.522562
53.25	0.0921966	-0.606225	1.18312	0.897675	-0.528003
53.3	0.150353	-0.554768	1.16313	1.02914	-0.533796
53.35	0.20653	-0.496007	1.12354	1.17521	-0.539468
53.4	0.259378	-0.429252	1.05696	1.33511	-0.544051
53.45	0.307086	-0.35399	0.954157	1.50524	-0.545813
53.5	0.347334	-0.270129	0.804963	1.67722	-0.542145
53.55	0.377389	-0.17834	0.601107	1.83577	-0.530064
53.6	0.394471	-0.0804211	0.341639	1.95838	-0.507957
53.65	0.396439	0.0205793	0.0393577	2.02001	-0.478074
53.7	0.382564	0.120757	-0.2775	2.00356	-0.447078
53.75	0.353875	0.216259	-0.57377	1.91004	-0.422507
53.8	0.312784	0.304182	-0.821822	1.75845	-0.408209
53.85	0.262278	0.382949	-1.01012	1.57533	-0.403446
53.9	0.205215	0.452141	-1.14126	1.38385	-0.4052
53.95	0.143961	0.5121	-1.22508	1.19918	-0.410444
54	0.0803159	0.563554	-1.2729	1.02908	-0.417063
54.05	0.0155823	0.60737	-1.29467	0.876321	-0.423844
54.1	-0.049325	0.644416	-1.29815	0.740916	-0.430197
54.15	-0.113775	0.675494	-1.28901	0.621564	-0.435891
54.2	-0.177341	0.701319	-1.27131	0.516488	-0.440878
54.25	-0.239735	0.722511	-1.24789	0.423856	-0.445197
54.3	-0.300771	0.739609	-1.22072	0.341964	-0.44892
54.35	-0.36033	0.753075	-1.19117	0.269309	-0.452127
54.4	-0.41834	0.763305	-1.16021	0.204595	-0.454894
54.45	-0.474764	0.770641	-1.12849	0.146722	-0.457289
54.5	-0.529588	0.775379	-1.09648	0.0947628	-0.459369
54.55	-0.582813	0.777776	-1.06449	0.0479332	-0.461183
54.6	-0.63445	0.778054	-1.03275	0.00557393	-0.462772
54.65	-0.68452	0.776411	-1.0014	-0.0328725	-0.464171
54.7	-0.733047	0.773017	-0.970537	-0.0678788	-0.465407
54.75	-0.780058	0.768024	-0.940222	-0.0998467	-0.466504
54.8	-0.825583	0.761568	-0.910491	-0.12912	-0.467482
54.85	-0.869651	0.753769	-0.881359	-0.155992	-0.468358
54.9	-0.912293	0.744733	-0.852832	-0.180718	-0.469144
54.95	-0.953538	0.734557	-0.824905	-0.203516	-0.469853
55	-0.993416	0.723328	-0.797565	-0.224577	-0.470495
55.05	-1.03196	0.711125	-0.770798	-0.244067	-0.471077
55.1	-1.06919	0.698018	-0.744585	-0.262131	-0.471608
55.15	-1.10513	0.684074	-0.718905	-0.278896	-0.472093
55.2	-1.13982	0.66935	-0.693738	-0.294474	-0.472538
55.25	-1.17327	0.653902	-0.669061	-0.308965	-0.472947
55.3	-1.20551	0.637779	-0.644853	-0.322457	-0.473324
55.35	-1.23657	0.621027	-0.621092	-0.335028	-0.473672
55.4	-1.26646	0.60369	-0.597757	-0.346747	-0.473995
55.45	-1.2952	0.585806	-0.574827	-0.357678	-0.474295
55.5	-1.32281	0.567412	-0.552282	-0.367875	-0.474575
55.55	-1.34932	0.548543	-0.530102	-0.377388	-0.474836
55.6	-1.37473	0.52923	-0.50827	-0.386264	-0.475081
55.65	-1.39907	0.509503	-0.486767	-0.394542	-0.47531
55.7	-1.42235	0.48939	-0.465575	-0.40226	-0.475526
55.75	-1.44458	0.468917	-0.444678	-0.409449	-0.475729
55.8	-1.46578	0.44811	-0.424061	-0.416142	-0.475921
55.85	-1.48597	0.426992	-0.403709	-0.422364	-0.476103
55.9	-1.50515	0.405585	-0.383605	-0.428141	-0.476275
55.95	-1.52334	0.38391	-0.363738	-0.433494	-0.476439
56	-1.54054	0.361988	-0.344092	-0.438445	-0.476595
56.05	-1.55677	0.339837	-0.324656	-0.443012	-0.476745
56.1	-1.57204	0.317477	-0.305416	-0.447212	-0.476887
56.15	-1.58636	0.294924	-0.286362	-0.45106	-0.477024
56.2	-1.59974	0.272195	-0.267481	-0.454571	-0.477156
56.25	-1.61217	0.249307	-0.248762	-0.457756	-0.477283
56.3	-1.62368	0.226276	-0.230194	-0.460627	-0.477405
56.35	-1.63427	0.203116	-0.211768	-0.463195	-0.477524
56.4	-1.64395	0.179843	-0.193473	-0.465469	-0.477638
56.45	-1.65271	0.15647	-0.175299	-0.467457	-0.47775
56.5	-1.66057	0.133012	-0.157237	-0.469167	-0.477859
56.55	-1.66754	0.109481	-0.139278	-0.470605	-0.477965
56.6	-1.67361	0.0858925	-0.121412	-0.471778	-0.478068
56.65	-1.67879	0.062258	-0.103632	-0.472691	-0.47817
56.7	-1.68309	0.0385906	-0.0859273	-0.473347	-0.47827
56.75	-1.6865	0.014903	-0.0682907	-0.473752	-0.478369
56.8	-1.68904	-0.00879231	-0.0507137	-0.473907	-0.478466
56.85	-1.6907	-0.0324831	-0.033188	-0.473816	-0.478562
56.9	-1.69148	-0.0561571	-0.0157057	-0.47348	-0.478658
56.95	-1.69139	-0.0798021	0.00174122	-0.472901	-0.478752
57	-1.69044	-0.103406	0.0191606	-0.472079	-0.478847
57.05	-1.68861	-0.126957	0.0365602	-0.471014	-0.478942
57.1	-1.68591	-0.150442	0.0539478	-0.469707	-0.479036
57.15	-1.68234	-0.17385	0.0713312	-0.468156	-0.479131
57.2	-1.67791	-0.197168	0.0887181	-0.466359	-0.479227
57.25	-1.6726	-0.220384	0.106116	-0.464315	-0.479323
57.3	-1.66643	-0.243485	0.123533	-0.46202	-0.479421
57.35	-1.65938	-0.266458	0.140977	-0.459471	-0.47952
57.4	-1.65145	-0.289291	0.158455	-0.456665	-0.47962
57.45	-1.64265	-0.311971	0.175975	-0.453595	-0.479722
57.5	-1.63298	-0.334484	0.193546	-0.450258	-0.479826
57.55	-1.62242	-0.356816	0.211176	-0.446647	-0.479933
57.6	-1.61098	-0.378954	0.228872	-0.442756	-0.480042
57.65	-1.59864	-0.400883	0.246642	-0.438575	-0.480154
57.7	-1.58542	-0.422588	0.264497	-0.434098	-0.48027
57.75	-1.5713	-0.444054	0.282443	-0.429315	-0.480389
57.8	-1.55627	-0.465264	0.300489	-0.424215	-0.480512
57.85	-1.54034	-0.486204	0.318646	-0.418786	-0.48064
57.9	-1.52349	-0.506855	0.336921	-0.413018	-0.480772
57.95	-1.50573	-0.527199	0.355325	-0.406895	-0.480911
58	-1.48703	-0.54722	0.373866	-0.400403	-0.481055
58.05	-1.46741	-0.566896	0.392556	-0.393526	-0.481205
58.1	-1.44684	-0.586208	0.411403	-0.386244	-0.481363
58.15	-1.42531	-0.605135	0.430419	-0.37854	-0.481529
58.2	-1.40283	-0.623655	0.449614	-0.370391	-0.481703
58.25	-1.37938	-0.641743	0.468999	-0.361773	-0.481887
58.3	-1.35495	-0.659376	0.488585	-0.35266	-0.482082
58.35	-1.32954	-0.676527	0.508385	-0.343025	-0.482287
58.4	-1.30312	-0.693169	0.52841	-0.332835	-0.482506
58.45	-1.27568	-0.709272	0.548672	-0.322057	-0.482739
58.5	-1.24722	-0.724805	0.569184	-0.310652	-0.482986
58.55	-1.21772	-0.739734	0.589959	-0.298579	-0.483252
58.6	-1.18717	-0.754023	0.611009	-0.285792	-0.483536
58.65	-1.15556	-0.767635	0.632348	-0.272239	-0.483841
58.7	-1.12286	-0.780528	0.653988	-0.257863	-0.484169
58.75	-1.08906	-0.792658	0.675943	-0.242602	-0.484524
58.8	-1.05415	-0.803978	0.698224	-0.226385	-0.484907
58.85	-1.01811	-0.814434	0.720843	-0.209134	-0.485324
58.9	-0.980916	-0.823972	0.743813	-0.190759	-0.485777
58.95	-0.942559	-0.83253	0.767141	-0.171163	-0.486272
59	-0.903017	-0.840042	0.790837	-0.150234	-0.486814
59.05	-0.862272	-0.846434	0.814904	-0.127845	-0.48741
59.1	-0.820305	-0.851627	0.839344	-0.103854	-0.488066
59.15	-0.777097	-0.855532	0.864153	-0.0780979	-0.488791
59.2	-0.732631	-0.858052	0.889319	-0.050391	-0.489596
59.25	-0.68689	-0.859078	0.914824	-0.0205207	-0.490492
59.3	-0.639858	-0.85849	0.940633	0.0117579	-0.491494
59.35	-0.591523	-0.856153	0.966696	0.0467273	-0.492619
59.4	-0.541876	-0.851918	0.992942	0.0847147	-0.493887
59.45	-0.490913	-0.845613	1.01927	0.126101	-0.495321
59.5	-0.438637	-0.837046	1.04552	0.17133	-0.49695
59.55	-0.385061	-0.826	1.07151	0.220921	-0.498809
59.6	-0.330214	-0.812226	1.09695	0.275485	-0.500938
59.65	-0.274142	-0.795439	1.12144	0.335736	-0.503384
59.7	-0.216919	-0.775313	1.14446	0.402515	-0.506201
59.75	-0.158657	-0.751473	1.16524	0.476803	-0.509452
59.8	-0.0995192	-0.723486	1.18275	0.559738	-0.513198
59.85	-0.0397428	-0.690855	1.19553	0.652613	-0.517497
59.9	0.0203334	-0.653013	1.20152	0.756855	-0.522377
59.95	0.0802273	-0.609316	1.19788	0.873938	-0.527801
60	0.139257	-0.559057	1.1806	1.00518	-0.533587
60.05	0.196467	-0.501489	1.14419	1.15135	-0.539277
60.1	0.250532	-0.435897	1.08132	1.31183	-0.543923
60.15	0.29967	-0.361731	0.982748	1.48333	-0.545826
60.2	0.341579	-0.278839	0.838186	1.65783	-0.542404
60.25	0.373528	-0.187817	0.63897	1.82046	-0.530666
60.3	0.392698	-0.0903688	0.383413	1.94895	-0.508907
60.35	0.396865	0.0105317	0.0833339	2.01801	-0.479207
60.4	0.385176	0.111011	-0.233788	2.00959	-0.448111
60.45	0.358536	0.207182	-0.532787	1.92342	-0.423215
60.5	0.319273	0.296059	-0.785257	1.77753	-0.408541
60.55	0.270341	0.375969	-0.978642	1.5982	-0.403484
60.6	0.214603	0.446414	-1.11477	1.4089	-0.405061
60.65	0.15445	0.507675	-1.20306	1.22522	-0.410224
60.7	0.0917127	0.560442	-1.25475	1.05534	-0.416819
60.75	0.0277235	0.605559	-1.27978	0.902341	-0.423607
60.8	-0.0365768	0.64388	-1.28601	0.766418	-0.429982
60.85	-0.100536	0.6762	-1.27919	0.646396	-0.4357
60.9	-0.163709	0.703228	-1.26345	0.540573	-0.440712
60.95	-0.225794	0.725586	-1.24171	0.447163	-0.445053
61	-0.286593	0.743811	-1.21598	0.364487	-0.448796
61.05	-0.345978	0.758364	-1.18769	0.291057	-0.452021
61.1	-0.403869	0.769643	-1.15782	0.225587	-0.454802
61.15	-0.460222	0.777992	-1.12707	0.166981	-0.457209
61.2	-0.515018	0.783708	-1.09591	0.114313	-0.459299
61.25	-0.568252	0.787048	-1.06469	0.0667994	-0.461122
61.3	-0.619933	0.788237	-1.03363	0.0237815	-0.462719
61.35	-0.670078	0.787472	-1.00289	-0.0152996	-0.464124
61.4	-0.718707	0.784926	-0.972583	-0.0509175	-0.465366
61.45	-0.765846	0.780752	-0.942772	-0.0834753	-0.466467
61.5	-0.81152	0.775086	-0.913499	-0.113318	-0.467449
61.55	-0.85576	0.768049	-0.884787	-0.140741	-0.468328
61.6	-0.898592	0.759749	-0.856644	-0.165999	-0.469117
61.65	-0.940046	0.750283	-0.82907	-0.189313	-0.469829
61.7	-0.980148	0.73974	-0.802056	-0.210874	-0.470473
61.75	-1.01893	0.728197	-0.775589	-0.230849	-0.471058
61.8	-1.05641	0.715728	-0.749654	-0.249384	-0.47159
61.85	-1.09262	0.702398	-0.724231	-0.266608	-0.472077
61.9	-1.12759	0.688266	-0.699303	-0.282633	-0.472523
61.95	-1.16133	0.673388	-0.674848	-0.29756	-0.472933
62	-1.19387	0.657814	-0.650846	-0.311477	-0.473311
62.05	-1.22524	0.641591	-0.627277	-0.324464	-0.47366
62.1	-1.25544	0.624762	-0.604121	-0.33659	-0.473984
62.15	-1.28451	0.607366	-0.581357	-0.347918	-0.474285
62.2	-1.31246	0.58944	-0.558968	-0.358504	-0.474565
62.25	-1.3393	0.57102	-0.536933	-0.3684	-0.474827
62.3	-1.36507	0.552138	-0.515236	-0.377651	-0.475072
62.35	-1.38976	0.532823	-0.493858	-0.386298	-0.475302
62.4	-1.4134	0.513104	-0.472784	-0.394378	-0.475518
62.45	-1.436	0.493008	-0.451997	-0.401924	-0.475722
62.5	-1.45757	0.47256	-0.431482	-0.408967	-0.475914
62.55	-1.47813	0.451783	-0.411224	-0.415535	-0.476096
62.6	-1.49769	0.4307	-0.391208	-0.421653	-0.476269
62.65	-1.51627	0.409333	-0.371422	-0.427343	-0.476433
62.7	-1.53386	0.387702	-0.351852	-0.432626	-0.47659
62.75	-1.55048	0.365826	-0.332485	-0.437521	-0.476739
